5284 756 20
5287 881 10
5283 828 11
5295 838 14
5244 972 3
5168 131 80
#fail 3374 2864 1832
#fail 5308 1027 17
5259 418 7
5232 129 5
5325 78 3
5268 54 2
5321 0 0
4084 0 0
5312 0 0
8938 0 0
5319 0 0
18670 0 1
5260 0 0
38397 0 1
5304 0 0
78444 0 1
5273 1016 8
5209 947 12
5269 806 3
4379 8528 874
5267 848 33
5233 1281 19
5300 643 8
5266 467 17
5257 57 0
5311 89 3
5229 150 8
5305 639 2
4069 494 3
5278 0 0
4034 0 0
5285 0 0
8927 0 0
5301 0 0
18647 0 0
5267 0 0
38320 0 0
5333 0 0
77877 0 0
5304 245 20
5280 357 17
5318 108 0
5272 90 0
5202 146 8
5269 899 8
5264 902 14
5304 896 13
5334 766 5
5181 1799 52
5218 831 11
4091 624 15
4078 0 0
5386 0 0
5301 0 0
8876 0 0
5313 0 0
18590 0 0
5349 0 0
38318 0 0
5272 0 0
78288 0 0
3759 8343 570
5270 986 20
5272 1185 26
5229 1032 19
5313 461 3
5295 72 1
5268 736 22
5151 96 59
5231 1019 43
5184 957 40
