5241 729 43
5236 1031 50
5185 1261 69
5199 773 53
5226 853 38
5048 96 182
5279 48 30
5113 0 146
4447 132 767
507 121 1245
2469 78 2744
1682 0 3565
5083 2 167
5238 0 30
5311 0 36
4389 121 888
5172 162 114
5189 74 126
2521 95 2737
4046 0 37
4681 0 610
5095 19 148
2384 0 2848
0 0 0
0 0 0
0 0 0
0 0 0
0 0 0
0 0 0
0 0 0
0 0 0
5250 0 27
5210 1551 72
5182 0 38
5150 0 30
5211 0 37
5226 1228 66
5253 0 39
1524 32862 2629
4804 576 427
2035 36392 2227
5166 0 40
2268 0 2960
5252 308 56
5182 1291 76
3551 555 1697
5242 0 55
2369 0 2828
5195 1089 107
5229 0 34
4245 0 979
0 0 5267
5214 1147 81
0 0 5260
4488 0 784
4443 0 24
147 34450 4053
0 0 5220
5175 0 62
0 42596 3999
2478 0 2742
3479 298 1773
0 0 5268
135 45489 3208
4505 735 53
0 0 5234
0 0 5221
0 0 5310
0 0 5207
0 0 5273
0 0 5268
0 0 5246
0 0 5316
0 0 5238
5248 0 32
5139 896 92
5165 804 58
5205 917 69
5243 771 46
5073 1192 113
5248 993 70
5185 825 46
5264 729 40
5219 1045 61
5178 1101 91
5178 910 73
5184 89 36
5181 870 47
5195 1232 57
5182 1052 102
5169 927 81
5172 937 74
5243 0 37
5222 1036 49
5274 1107 82
5230 899 79
5255 877 50
5176 872 60
5186 0 55
5208 374 40
5208 913 98
5192 882 49
5226 935 65
5150 1403 80
5186 819 54
5206 1059 79
5230 913 51
5248 0 32
5188 0 46
5224 1175 46
5206 0 35
0 71957 1738
0 32188 4479
5146 1636 82
5161 1104 94
5202 957 43
5156 850 80
5246 0 42
5220 203 43
5227 890 58
5219 791 38
5214 111 41
5217 1056 66
5159 694 72
5227 383 39
5134 712 61
4342 105 862
5204 190 42
5194 317 62
5261 222 50
0 47852 2317
5261 398 41
5232 168 48
5259 285 47
5212 96 69
5214 219 50
5287 277 37
5165 145 55
0 32764 4296
4299 204 962
5284 359 56
5125 459 93
5203 261 59
5217 245 49
5180 116 43
5220 105 54
0 37241 4167
4628 10365 379
5281 356 30
5244 640 50
5101 1164 108
0 0 5286
5155 380 82
4347 128 929
5228 344 49
0 0 5143
