1908 6737 0
3430 17244 0
0 28910 9253
4870 29785 5
6305 52106 324
26611 242 1976
19809 470 5496
1866 8330 2
20538 4243 522
38321 2176 673
51763 1987 2019
45673 3573 3659
1273 3800 0
2083 8421 2
3502 17234 1
3588 33640 3166
4822 30606 29
7664 56349 416
15113 2443 770
10234 4212 852
30995 1078 2736
36739 3021 4074
24455 11001 6564
18821 751 1088
22346 2857 2071
37699 1767 2006
47624 2583 2735
42597 11946 1294
1413 3768 0
2024 8334 0
3106 15930 1
5720 33178 0
8902 51659 473
952 3765 73
1296 3799 1
1146 3805 0
4071 3510 125
8910 1906 480
19838 224 1371
1442 3778 0
77161 244 2243
1969 3761 321
2038 3752 321
1959 3715 316
1923 3734 278
1974 3761 305
10823 44203 31965
14680 67608 7238
53947 28249 32716
10465 66709 8827
1803 256 3779
36045 0 6470
46594 2453 5673
6063 3214 581
1862 3716 297
3394 8288 667
3922 8160 735
6383 17035 1382
49680 3024 2201
42292 4217 10408
36256 2571 21667
75194 0 28636
126400 904 11159
53679 1190 6181
46320 2371 5286
3614 2394 276
54728 2445 17016
44938 0 2281
69809 0 8814
0 0 13958
0 6985 31119
42203 0 20760
0 0 0
0 0 0
0 0 0
0 0 0
0 0 0
0 0 0
0 0 0
0 0 0
48877 0 1233
15857 2809 1090
73500 0 729
81002 0 1754
94064 0 1401
38308 55460 5541
47392 0 2473
959 8231 690
25186 11796 3680
25414 28458 5372
145121 0 5691
30112 0 3675
67204 2704 1532
40396 13648 2452
81329 6525 15051
155536 0 4755
32476 0 3519
19044 7384 1097
121262 0 1100
85990 0 3001
0 0 77156
1734 3713 295
0 0 8876
100324 0 3972
102747 0 1427
2 30700 7057
0 0 76456
50778 0 3281
0 3231 5683
47308 0 14136
61082 0 23810
58822 10731 15781
0 0 76779
3 3668 409
22431 5934 1049
0 0 76681
0 0 18471
0 0 37834
0 0 76955
0 0 4105
0 0 8909
0 0 18409
0 0 37908
0 0 4013
50161 0 918
3375 8154 669
5754 16983 1381
8876 34368 2828
20242 62753 6380
1765 3703 323
3116 8292 644
5400 17027 1357
19944 29630 3201
14674 68818 5669
1849 3723 303
3465 8195 719
77085 1379 2566
8832 34445 2836
14411 68164 5683
1747 3729 266
3298 8262 649
5517 16909 1399
129503 0 1640
14937 68734 5794
1717 3825 294
3562 8228 688
5544 17034 1354
9218 34593 2814
152133 0 3323
41184 1395 1779
10009 7461 962
5333 17005 1359
9142 34459 2919
14258 68115 5894
14622 3141 705
2963 8285 652
5252 16991 1343
129180 0 1689
148569 0 2315
1788 3748 315
99395 0 821
0 17009 1498
0 21887 15896
13875 68228 5847
1779 3704 306
3219 8261 641
5845 16888 1450
52953 0 1363
53238 2123 2027
5580 16889 1405
9105 34477 2846
95060 6453 2288
19958 2910 877
20488 6553 1422
47486 8525 2279
10052 34325 2755
83327 6088 14119
42079 639 1109
45600 3136 3512
63266 3931 3405
0 34689 3293
53319 34561 4449
42371 576 1790
51101 2953 1572
76900 1732 2765
79601 8737 2612
66098 24486 4920
41219 569 1561
0 7983 975
55520 3886 6382
50074 17052 3539
63788 23952 3677
35814 1001 1887
46621 2580 1909
71873 2314 1885
81840 3231 2257
0 67766 9497
26692 15705 2103
26771 5517 2290
54897 11797 3866
56232 14321 2334
0 0 18407
67530 9924 5790
133178 2212 8996
32461 7471 2914
0 0 17941
0 0 0
