496 1463 1
4625 592 844
504 1452 0
19 1271 251
0 0 1590
1546 1413 63
3258 1357 109
415 1475 0
524 1472 35
7482 2304 153
2888 21763 0
14250 506 711
516 669 842
43435 420 905
5667 9358 12342
965 407 1112
103016 0 823
79378 0 4680
1875 366 4951
37609 448 3982
47183 287 4125
2064 475 4755
19319 328 4537
25809 491 4278
28699 459 4218
1916 393 4871
4928 347 10175
48608 0 9656
28235 426 9765
29458 286 9769
53431 281 8804
72618 250 8337
4096 431 10083
4264 279 10211
60550 313 13945
6315 349 15457
45332 950 13366
55694 444 13518
40315 358 14509
